7 100 10000
7 101 5000
0 14630 320043
1 15595 319941
1 16459 319687
1 17170 319230
1 17830 318671
1 18287 317960
1 18694 317147
1 18897 316182
1 18999 315064
1 18897 314048
1 18694 313083
1 18287 312220
1 17830 311508
1 17170 310950
1 16408 310492
1 15595 310238
1 14630 310137
1 13766 310137
1 13766 305006
1 9956 305006
1 9956 320043
1 14630 320043
1 14630 320043
1 14630 320043
0 14630 319535
1 10464 319535
1 10464 305514
1 13309 305514
1 13309 310594
1 14630 310594
1 15493 310695
1 16256 310950
1 16916 311305
1 17475 311864
1 17932 312524
1 18237 313286
1 18440 314150
1 18541 315064
1 18440 316029
1 18237 316944
1 17932 317706
1 17475 318366
1 16916 318874
1 16256 319230
1 15493 319484
1 14630 319535
1 14630 319535
1 14630 319535
