7 100 10000
7 101 10000
0 14630 225043
1 15595 224941
1 16459 224687
1 17170 224230
1 17830 223671
1 18287 222960
1 18694 222147
1 18897 221182
1 18999 220064
1 18897 219048
1 18694 218083
1 18287 217220
1 17830 216508
1 17170 215950
1 16408 215492
1 15595 215238
1 14630 215137
1 13766 215137
1 13766 210006
1 9956 210006
1 9956 225043
1 14630 225043
1 14630 225043
1 14630 225043
0 14630 224535
1 10464 224535
1 10464 210514
1 13309 210514
1 13309 215594
1 14630 215594
1 15493 215696
1 16256 215950
1 16916 216305
1 17475 216864
1 17932 217524
1 18237 218286
1 18440 219150
1 18541 220064
1 18440 221030
1 18237 221944
1 17932 222706
1 17475 223366
1 16916 223874
1 16256 224230
1 15493 224484
1 14630 224535
1 14630 224535
1 14630 224535
